max_depth, n_estimators, accuracy
None, 100, 0.9301537877349535
None, 200, 0.931892918169736
None, 300, 0.9327700778431744
None, 400, 0.932333396620467
None, 500, 0.9332067590658818
None, 600, 0.9340801215112966
None, 700, 0.9340801215112966
None, 800, 0.9336434402885893
None, 900, 0.9332067590658818
1, 100, 0.5050218340611353
1, 200, 0.5050218340611353
1, 300, 0.5050218340611353
1, 400, 0.5050218340611353
1, 500, 0.5050218340611353
1, 600, 0.5050218340611353
1, 700, 0.5050218340611353
1, 800, 0.5050218340611353
1, 900, 0.5050218340611353
2, 100, 0.5141826466679323
2, 200, 0.5154926903360547
2, 300, 0.5154926903360546
2, 400, 0.5176722992215682
2, 500, 0.5176760964495919
2, 600, 0.5159293715587621
2, 700, 0.5146193278906398
2, 800, 0.5150560091133471
2, 900, 0.5141826466679323
3, 100, 0.5521549269033604
3, 200, 0.5421226504651603
3, 300, 0.5408088095690146
3, 400, 0.544302259350674
3, 500, 0.5438655781279665
3, 600, 0.5416840706284413
3, 700, 0.543430795519271
3, 800, 0.5429941142965635
3, 900, 0.544302259350674
4, 100, 0.6058458325422442
4, 200, 0.6027928612113158
4, 300, 0.6036681222707424
4, 400, 0.6032314410480349
4, 500, 0.6019213973799127
4, 600, 0.6014847161572053
4, 700, 0.5997360926523638
4, 800, 0.6001708752610594
4, 900, 0.6001708752610594
5, 100, 0.6608429846212265
5, 200, 0.6643326371748625
5, 300, 0.6630225935067401
5, 400, 0.6652078982342889
5, 500, 0.6638959559521549
5, 600, 0.6652078982342889
5, 700, 0.663463071957471
5, 800, 0.6634611733434592
5, 900, 0.6634611733434592
6, 100, 0.7188912094171254
6, 200, 0.7193259920258211
6, 300, 0.7197645718625403
6, 400, 0.7193240934118094
6, 500, 0.7162692234668693
6, 600, 0.718887412189102
6, 700, 0.7193240934118094
6, 800, 0.7175773685209796
6, 900, 0.7153939624074426
7, 100, 0.7394038352003038
7, 200, 0.7507518511486614
7, 300, 0.7507575469906967
7, 400, 0.7516290108220999
7, 500, 0.752939054490222
7, 600, 0.7538067210936017
7, 700, 0.7542453009303208
7, 800, 0.7546857793810519
7, 900, 0.7551205619897475
8, 100, 0.7895974938295044
8, 200, 0.7917771027150181
8, 300, 0.7882893487753939
8, 400, 0.7895917979874691
8, 500, 0.7895917979874691
8, 600, 0.7882817543193468
8, 700, 0.7874102904879439
8, 800, 0.7869717106512246
8, 900, 0.7865350294285172
9, 100, 0.8175318017846971
9, 200, 0.821461932789064
9, 300, 0.81534839567116
9, 400, 0.8170932219479781
9, 500, 0.8188399468388077
9, 600, 0.8170932219479781
9, 700, 0.8192766280615151
9, 800, 0.8175318017846973
9, 900, 0.8188418454528195
10, 100, 0.8454756028099487
10, 200, 0.8498405164230112
10, 300, 0.849842415037023
10, 400, 0.8507138788684261
10, 500, 0.8489671539775964
10, 600, 0.847218530472755
10, 700, 0.8463432694133284
10, 800, 0.8494000379722803
10, 900, 0.8489633567495728
11, 100, 0.8777691285361685
11, 200, 0.881703056768559
11, 300, 0.8769014619327891
11, 400, 0.8803911144864248
11, 500, 0.8790829694323143
11, 600, 0.8808296943231442
11, 700, 0.8803930131004367
11, 800, 0.8808296943231442
11, 900, 0.8821378393772547
12, 100, 0.8865008543763052
12, 200, 0.8899943041579647
12, 300, 0.887807100816404
12, 400, 0.8895576229352573
12, 500, 0.8886804632618188
12, 600, 0.8930453768748812
12, 700, 0.8921758116574899
12, 800, 0.8921758116574899
12, 900, 0.8891190430985381
13, 100, 0.8978507689386748
13, 200, 0.8969717106512245
13, 300, 0.8952249857603949
13, 400, 0.8978469717106512
13, 500, 0.8987165369280424
13, 600, 0.9022080880956901
13, 700, 0.9008980444275677
13, 800, 0.9000265805961647
13, 900, 0.8995898993734572
14, 100, 0.9074520599962028
14, 200, 0.9096297702677045
14, 300, 0.9118093791532182
14, 400, 0.9078811467628631
14, 500, 0.9100645528764003
14, 600, 0.9109379153218151
14, 700, 0.9087545092082779
14, 800, 0.9100645528764003
14, 900, 0.909627871653693
15, 100, 0.9166166698310233
15, 200, 0.9161780899943042
15, 300, 0.9157414087715967
15, 400, 0.9183614961078413
15, 500, 0.9183614961078412
15, 600, 0.9179248148851338
15, 700, 0.9201082209986708
15, 800, 0.9214182646667932
15, 900, 0.9218549458895007
16, 100, 0.9218625403455478
16, 200, 0.924907917220429
16, 300, 0.9275280045566736
16, 400, 0.9279684830074044
16, 500, 0.9270951205619896
16, 600, 0.9270951205619896
16, 700, 0.9284051642301121
16, 800, 0.926660337953294
16, 900, 0.9275318017846972
17, 100, 0.9244750332257452
17, 200, 0.9253502942851718
17, 300, 0.9253502942851718
17, 400, 0.9270951205619898
17, 500, 0.9284051642301121
17, 600, 0.9297133092842225
17, 700, 0.9297152078982343
17, 800, 0.9297152078982343
17, 900, 0.9301518891209417
18, 100, 0.9284070628441237
18, 200, 0.9301499905069299
18, 300, 0.9310233529523447
18, 400, 0.9301499905069299
18, 500, 0.9305885703436492
18, 600, 0.9323352952344788
18, 700, 0.931461932789064
18, 800, 0.9323352952344788
18, 900, 0.9310252515663565
19, 100, 0.9297152078982343
19, 200, 0.9301518891209417
19, 300, 0.9288437440668311
19, 400, 0.9305923675716727
19, 500, 0.9284089614581355
19, 600, 0.9305885703436492
19, 700, 0.9310271501803683
19, 800, 0.929717106512246
19, 900, 0.9301537877349535
20, 100, 0.9301518891209415
20, 200, 0.9305885703436492
20, 300, 0.9318967153977595
20, 400, 0.931461932789064
20, 500, 0.9318986140117713
20, 600, 0.932333396620467
20, 700, 0.9305885703436492
20, 800, 0.9318986140117713
20, 900, 0.9305885703436492
21, 100, 0.9310252515663565
21, 200, 0.9353901651794189
21, 300, 0.930590468957661
21, 400, 0.9327719764571862
21, 500, 0.9310252515663565
21, 600, 0.9305885703436492
21, 700, 0.931461932789064
21, 800, 0.9301518891209417
21, 900, 0.9305866717296374
22, 100, 0.9292766280615151
22, 200, 0.93320486045187
22, 300, 0.9353920637934307
22, 400, 0.933206759065882
22, 500, 0.9318967153977595
22, 600, 0.9332067590658818
22, 700, 0.9349534839567115
22, 800, 0.9345168027340041
22, 900, 0.932333396620467
23, 100, 0.9288399468388077
23, 200, 0.9314562369470286
23, 300, 0.9318948167837477
23, 400, 0.9314600341750522
23, 500, 0.9340801215112966
23, 600, 0.9332067590658818
23, 700, 0.9332067590658818
23, 800, 0.9332067590658818
23, 900, 0.9327700778431744
24, 100, 0.9310195557243212
24, 200, 0.9301480918929179
24, 300, 0.9301499905069299
24, 400, 0.9301518891209417
24, 500, 0.9292766280615151
24, 600, 0.9310233529523447
24, 700, 0.9305866717296374
24, 800, 0.9292766280615151
24, 900, 0.9305866717296374
25, 100, 0.9275299031706854
25, 200, 0.9318986140117713
25, 300, 0.9314600341750522
25, 400, 0.9332067590658818
25, 500, 0.9327719764571862
25, 600, 0.931461932789064
25, 700, 0.9323352952344788
25, 800, 0.9305885703436492
25, 900, 0.9323352952344788
26, 100, 0.9305866717296374
26, 200, 0.932333396620467
26, 300, 0.93320486045187
26, 400, 0.9332067590658818
26, 500, 0.9332067590658818
26, 600, 0.9349534839567115
26, 700, 0.9340801215112966
26, 800, 0.9332067590658818
26, 900, 0.9327700778431744
27, 100, 0.9310214543383329
27, 200, 0.9327681792291627
27, 300, 0.932333396620467
27, 400, 0.9336434402885893
27, 500, 0.9345168027340041
27, 600, 0.9345168027340041
27, 700, 0.9349534839567115
27, 800, 0.9345168027340041
27, 900, 0.9340801215112966
28, 100, 0.9310233529523447
28, 200, 0.9336434402885893
28, 300, 0.9336434402885894
28, 400, 0.9336434402885893
28, 500, 0.9340801215112966
28, 600, 0.9336434402885893
28, 700, 0.9336434402885893
28, 800, 0.9336434402885893
28, 900, 0.9336434402885893
29, 100, 0.9349515853426998
29, 200, 0.932333396620467
29, 300, 0.9345168027340041
29, 400, 0.932333396620467
29, 500, 0.9340801215112966
29, 600, 0.9336434402885893
29, 700, 0.9340801215112966
29, 800, 0.932333396620467
29, 900, 0.9327700778431744
30, 100, 0.9301461932789064
30, 200, 0.9323295993924434
30, 300, 0.9314600341750522
30, 400, 0.9314600341750522
30, 500, 0.9340801215112966
30, 600, 0.9310233529523447
30, 700, 0.9327700778431744
30, 800, 0.9314600341750522
30, 900, 0.9314600341750522
31, 100, 0.9314581355610404
31, 200, 0.9323295993924434
31, 300, 0.9310233529523447
31, 400, 0.9336434402885893
31, 500, 0.9345168027340041
31, 600, 0.9340801215112966
31, 700, 0.9340801215112966
31, 800, 0.932333396620467
31, 900, 0.9332067590658818
32, 100, 0.9292804252895385
32, 200, 0.9314562369470286
32, 300, 0.9332067590658818
32, 400, 0.9336434402885893
32, 500, 0.9327700778431744
32, 600, 0.9327700778431744
32, 700, 0.9336434402885893
32, 800, 0.9318967153977595
32, 900, 0.9327700778431744
33, 100, 0.9310252515663565
33, 200, 0.9310195557243212
33, 300, 0.9318967153977595
33, 400, 0.9310233529523447
33, 500, 0.932333396620467
33, 600, 0.9336434402885893
33, 700, 0.9345168027340041
33, 800, 0.9332067590658818
33, 900, 0.9327700778431744
34, 100, 0.9292785266755269
34, 200, 0.9314600341750522
34, 300, 0.9340801215112966
34, 400, 0.932333396620467
34, 500, 0.9349534839567115
34, 600, 0.9345168027340041
34, 700, 0.9345168027340041
34, 800, 0.9336434402885893
34, 900, 0.9345168027340041
35, 100, 0.9292823239035503
35, 200, 0.9323314980064552
35, 300, 0.9318967153977595
35, 400, 0.9327700778431744
35, 500, 0.9327700778431744
35, 600, 0.9327700778431744
35, 700, 0.9336434402885893
35, 800, 0.9336434402885893
35, 900, 0.9340801215112966
36, 100, 0.9297171065122459
36, 200, 0.9336396430605657
36, 300, 0.932333396620467
36, 400, 0.9332067590658818
36, 500, 0.9336434402885893
36, 600, 0.9332067590658818
36, 700, 0.9336434402885893
36, 800, 0.9336434402885893
36, 900, 0.9340801215112966
37, 100, 0.9310252515663567
37, 200, 0.9314562369470286
37, 300, 0.9305866717296374
37, 400, 0.9318967153977595
37, 500, 0.932333396620467
37, 600, 0.932333396620467
37, 700, 0.9332067590658818
37, 800, 0.9332067590658818
37, 900, 0.9332067590658818
38, 100, 0.9292804252895387
38, 200, 0.9323314980064552
38, 300, 0.9318967153977595
38, 400, 0.9332067590658818
38, 500, 0.9332067590658818
38, 600, 0.9336434402885893
38, 700, 0.9340801215112966
38, 800, 0.9340801215112966
38, 900, 0.9332067590658818
39, 100, 0.9305904689576607
39, 200, 0.9323314980064552
39, 300, 0.9310233529523447
39, 400, 0.9332067590658818
39, 500, 0.932333396620467
39, 600, 0.9332067590658818
39, 700, 0.9340801215112966
39, 800, 0.9340801215112966
39, 900, 0.9332067590658818
40, 100, 0.9305904689576607
40, 200, 0.9323295993924434
40, 300, 0.9332067590658818
40, 400, 0.9327700778431744
40, 500, 0.9336434402885893
40, 600, 0.9332067590658818
40, 700, 0.9340801215112966
40, 800, 0.9340801215112966
40, 900, 0.9332067590658818
41, 100, 0.9297171065122459
41, 200, 0.9323295993924434
41, 300, 0.9327700778431744
41, 400, 0.9327700778431744
41, 500, 0.9332067590658818
41, 600, 0.9340801215112966
41, 700, 0.9340801215112966
41, 800, 0.9332067590658818
41, 900, 0.9332067590658818
42, 100, 0.9297171065122459
42, 200, 0.9318948167837477
42, 300, 0.9327700778431744
42, 400, 0.9327700778431744
42, 500, 0.9327700778431744
42, 600, 0.9340801215112966
42, 700, 0.9340801215112966
42, 800, 0.9336434402885893
42, 900, 0.9332067590658818
43, 100, 0.9301537877349535
43, 200, 0.9314562369470286
43, 300, 0.932333396620467
43, 400, 0.932333396620467
43, 500, 0.9332067590658818
43, 600, 0.9340801215112966
43, 700, 0.9340801215112966
43, 800, 0.9336434402885893
43, 900, 0.9332067590658818
44, 100, 0.9301537877349535
44, 200, 0.9314581355610404
44, 300, 0.9327700778431744
44, 400, 0.932333396620467
44, 500, 0.9332067590658818
44, 600, 0.9340801215112966
44, 700, 0.9336434402885893
44, 800, 0.9336434402885893
44, 900, 0.9332067590658818
45, 100, 0.9301537877349535
45, 200, 0.9314581355610404
45, 300, 0.9327700778431744
45, 400, 0.932333396620467
45, 500, 0.9327700778431744
45, 600, 0.9340801215112966
45, 700, 0.9340801215112966
45, 800, 0.9332067590658818
45, 900, 0.9332067590658818
46, 100, 0.9301537877349535
46, 200, 0.931892918169736
46, 300, 0.9327700778431744
46, 400, 0.932333396620467
46, 500, 0.9332067590658818
46, 600, 0.9336434402885893
46, 700, 0.9336434402885893
46, 800, 0.9336434402885893
46, 900, 0.9332067590658818
47, 100, 0.9301537877349535
47, 200, 0.931892918169736
47, 300, 0.9327700778431744
47, 400, 0.932333396620467
47, 500, 0.9332067590658818
47, 600, 0.9340801215112966
47, 700, 0.9340801215112966
47, 800, 0.9336434402885893
47, 900, 0.9332067590658818
48, 100, 0.9301537877349535
48, 200, 0.931892918169736
48, 300, 0.9327700778431744
48, 400, 0.932333396620467
48, 500, 0.9332067590658818
48, 600, 0.9340801215112966
48, 700, 0.9340801215112966
48, 800, 0.9336434402885893
48, 900, 0.9332067590658818
49, 100, 0.9301537877349535
49, 200, 0.931892918169736
49, 300, 0.9327700778431744
49, 400, 0.932333396620467
49, 500, 0.9332067590658818
49, 600, 0.9340801215112966
49, 700, 0.9336434402885893
49, 800, 0.9336434402885893
49, 900, 0.9332067590658818
50, 100, 0.9301537877349535
50, 200, 0.931892918169736
50, 300, 0.9327700778431744
50, 400, 0.932333396620467
50, 500, 0.9332067590658818
50, 600, 0.9340801215112966
50, 700, 0.9340801215112966
50, 800, 0.9336434402885893
50, 900, 0.9332067590658818
51, 100, 0.9301537877349535
51, 200, 0.931892918169736
51, 300, 0.9327700778431744
51, 400, 0.932333396620467
51, 500, 0.9332067590658818
51, 600, 0.9340801215112966
51, 700, 0.9340801215112966
51, 800, 0.9336434402885893
51, 900, 0.9332067590658818
52, 100, 0.9301537877349535
52, 200, 0.931892918169736
52, 300, 0.9327700778431744
52, 400, 0.932333396620467
52, 500, 0.9332067590658818
52, 600, 0.9340801215112966
52, 700, 0.9340801215112966
52, 800, 0.9336434402885893
52, 900, 0.9332067590658818
53, 100, 0.9301537877349535
53, 200, 0.931892918169736
53, 300, 0.9327700778431744
53, 400, 0.932333396620467
53, 500, 0.9332067590658818
53, 600, 0.9340801215112966
53, 700, 0.9340801215112966
53, 800, 0.9336434402885893
53, 900, 0.9332067590658818
54, 100, 0.9301537877349535
54, 200, 0.931892918169736
54, 300, 0.9327700778431744
54, 400, 0.932333396620467
54, 500, 0.9332067590658818
54, 600, 0.9340801215112966
54, 700, 0.9340801215112966
54, 800, 0.9336434402885893
54, 900, 0.9332067590658818
55, 100, 0.9301537877349535
55, 200, 0.931892918169736
55, 300, 0.9327700778431744
55, 400, 0.932333396620467
55, 500, 0.9332067590658818
55, 600, 0.9340801215112966
55, 700, 0.9340801215112966
55, 800, 0.9336434402885893
55, 900, 0.9332067590658818
56, 100, 0.9301537877349535
56, 200, 0.931892918169736
56, 300, 0.9327700778431744
56, 400, 0.932333396620467
56, 500, 0.9332067590658818
56, 600, 0.9340801215112966
56, 700, 0.9340801215112966
56, 800, 0.9336434402885893
56, 900, 0.9332067590658818
57, 100, 0.9301537877349535
57, 200, 0.931892918169736
57, 300, 0.9327700778431744
57, 400, 0.932333396620467
57, 500, 0.9332067590658818
57, 600, 0.9340801215112966
57, 700, 0.9340801215112966
57, 800, 0.9336434402885893
57, 900, 0.9332067590658818
58, 100, 0.9301537877349535
58, 200, 0.931892918169736
58, 300, 0.9327700778431744
58, 400, 0.932333396620467
58, 500, 0.9332067590658818
58, 600, 0.9340801215112966
58, 700, 0.9340801215112966
58, 800, 0.9336434402885893
58, 900, 0.9332067590658818
59, 100, 0.9301537877349535
59, 200, 0.931892918169736
59, 300, 0.9327700778431744
59, 400, 0.932333396620467
59, 500, 0.9332067590658818
59, 600, 0.9340801215112966
59, 700, 0.9340801215112966
59, 800, 0.9336434402885893
59, 900, 0.9332067590658818
60, 100, 0.9301537877349535
60, 200, 0.931892918169736
60, 300, 0.9327700778431744
60, 400, 0.932333396620467
60, 500, 0.9332067590658818
60, 600, 0.9340801215112966
60, 700, 0.9340801215112966
60, 800, 0.9336434402885893
60, 900, 0.9332067590658818
61, 100, 0.9301537877349535
61, 200, 0.931892918169736
61, 300, 0.9327700778431744
61, 400, 0.932333396620467
61, 500, 0.9332067590658818
61, 600, 0.9340801215112966
61, 700, 0.9340801215112966
61, 800, 0.9336434402885893
61, 900, 0.9332067590658818
62, 100, 0.9301537877349535
62, 200, 0.931892918169736
62, 300, 0.9327700778431744
62, 400, 0.932333396620467
62, 500, 0.9332067590658818
62, 600, 0.9340801215112966
62, 700, 0.9340801215112966
62, 800, 0.9336434402885893
62, 900, 0.9332067590658818
63, 100, 0.9301537877349535
63, 200, 0.931892918169736
63, 300, 0.9327700778431744
63, 400, 0.932333396620467
63, 500, 0.9332067590658818
63, 600, 0.9340801215112966
63, 700, 0.9340801215112966
63, 800, 0.9336434402885893
63, 900, 0.9332067590658818
64, 100, 0.9301537877349535
64, 200, 0.931892918169736
64, 300, 0.9327700778431744
64, 400, 0.932333396620467
64, 500, 0.9332067590658818
64, 600, 0.9340801215112966
64, 700, 0.9340801215112966
64, 800, 0.9336434402885893
64, 900, 0.9332067590658818
65, 100, 0.9301537877349535
65, 200, 0.931892918169736
65, 300, 0.9327700778431744
65, 400, 0.932333396620467
65, 500, 0.9332067590658818
65, 600, 0.9340801215112966
65, 700, 0.9340801215112966
65, 800, 0.9336434402885893
65, 900, 0.9332067590658818
66, 100, 0.9301537877349535
66, 200, 0.931892918169736
66, 300, 0.9327700778431744
66, 400, 0.932333396620467
66, 500, 0.9332067590658818
66, 600, 0.9340801215112966
66, 700, 0.9340801215112966
66, 800, 0.9336434402885893
66, 900, 0.9332067590658818
67, 100, 0.9301537877349535
67, 200, 0.931892918169736
67, 300, 0.9327700778431744
67, 400, 0.932333396620467
67, 500, 0.9332067590658818
67, 600, 0.9340801215112966
67, 700, 0.9340801215112966
67, 800, 0.9336434402885893
67, 900, 0.9332067590658818
68, 100, 0.9301537877349535
68, 200, 0.931892918169736
68, 300, 0.9327700778431744
68, 400, 0.932333396620467
68, 500, 0.9332067590658818
68, 600, 0.9340801215112966
68, 700, 0.9340801215112966
68, 800, 0.9336434402885893
68, 900, 0.9332067590658818
69, 100, 0.9301537877349535
69, 200, 0.931892918169736
69, 300, 0.9327700778431744
69, 400, 0.932333396620467
69, 500, 0.9332067590658818
69, 600, 0.9340801215112966
69, 700, 0.9340801215112966
69, 800, 0.9336434402885893
69, 900, 0.9332067590658818
70, 100, 0.9301537877349535
70, 200, 0.931892918169736
70, 300, 0.9327700778431744
70, 400, 0.932333396620467
70, 500, 0.9332067590658818
70, 600, 0.9340801215112966
70, 700, 0.9340801215112966
70, 800, 0.9336434402885893
70, 900, 0.9332067590658818
71, 100, 0.9301537877349535
71, 200, 0.931892918169736
71, 300, 0.9327700778431744
71, 400, 0.932333396620467
71, 500, 0.9332067590658818
71, 600, 0.9340801215112966
71, 700, 0.9340801215112966
71, 800, 0.9336434402885893
71, 900, 0.9332067590658818
72, 100, 0.9301537877349535
72, 200, 0.931892918169736
72, 300, 0.9327700778431744
72, 400, 0.932333396620467
72, 500, 0.9332067590658818
72, 600, 0.9340801215112966
72, 700, 0.9340801215112966
72, 800, 0.9336434402885893
72, 900, 0.9332067590658818
73, 100, 0.9301537877349535
73, 200, 0.931892918169736
73, 300, 0.9327700778431744
73, 400, 0.932333396620467
73, 500, 0.9332067590658818
73, 600, 0.9340801215112966
73, 700, 0.9340801215112966
73, 800, 0.9336434402885893
73, 900, 0.9332067590658818
74, 100, 0.9301537877349535
74, 200, 0.931892918169736
74, 300, 0.9327700778431744
74, 400, 0.932333396620467
74, 500, 0.9332067590658818
74, 600, 0.9340801215112966
74, 700, 0.9340801215112966
74, 800, 0.9336434402885893
74, 900, 0.9332067590658818
75, 100, 0.9301537877349535
75, 200, 0.931892918169736
75, 300, 0.9327700778431744
75, 400, 0.932333396620467
75, 500, 0.9332067590658818
75, 600, 0.9340801215112966
75, 700, 0.9340801215112966
75, 800, 0.9336434402885893
75, 900, 0.9332067590658818
76, 100, 0.9301537877349535
76, 200, 0.931892918169736
76, 300, 0.9327700778431744
76, 400, 0.932333396620467
76, 500, 0.9332067590658818
76, 600, 0.9340801215112966
76, 700, 0.9340801215112966
76, 800, 0.9336434402885893
76, 900, 0.9332067590658818
77, 100, 0.9301537877349535
77, 200, 0.931892918169736
77, 300, 0.9327700778431744
77, 400, 0.932333396620467
77, 500, 0.9332067590658818
77, 600, 0.9340801215112966
77, 700, 0.9340801215112966
77, 800, 0.9336434402885893
77, 900, 0.9332067590658818
78, 100, 0.9301537877349535
78, 200, 0.931892918169736
78, 300, 0.9327700778431744
78, 400, 0.932333396620467
78, 500, 0.9332067590658818
78, 600, 0.9340801215112966
78, 700, 0.9340801215112966
78, 800, 0.9336434402885893
78, 900, 0.9332067590658818
79, 100, 0.9301537877349535
79, 200, 0.931892918169736
79, 300, 0.9327700778431744
79, 400, 0.932333396620467
79, 500, 0.9332067590658818
79, 600, 0.9340801215112966
79, 700, 0.9340801215112966
79, 800, 0.9336434402885893
79, 900, 0.9332067590658818
80, 100, 0.9301537877349535
80, 200, 0.931892918169736
80, 300, 0.9327700778431744
80, 400, 0.932333396620467
80, 500, 0.9332067590658818
80, 600, 0.9340801215112966
80, 700, 0.9340801215112966
80, 800, 0.9336434402885893
80, 900, 0.9332067590658818
81, 100, 0.9301537877349535
81, 200, 0.931892918169736
81, 300, 0.9327700778431744
81, 400, 0.932333396620467
81, 500, 0.9332067590658818
81, 600, 0.9340801215112966
81, 700, 0.9340801215112966
81, 800, 0.9336434402885893
81, 900, 0.9332067590658818
82, 100, 0.9301537877349535
82, 200, 0.931892918169736
82, 300, 0.9327700778431744
82, 400, 0.932333396620467
82, 500, 0.9332067590658818
82, 600, 0.9340801215112966
82, 700, 0.9340801215112966
82, 800, 0.9336434402885893
82, 900, 0.9332067590658818
83, 100, 0.9301537877349535
83, 200, 0.931892918169736
83, 300, 0.9327700778431744
83, 400, 0.932333396620467
83, 500, 0.9332067590658818
83, 600, 0.9340801215112966
83, 700, 0.9340801215112966
83, 800, 0.9336434402885893
83, 900, 0.9332067590658818
84, 100, 0.9301537877349535
84, 200, 0.931892918169736
84, 300, 0.9327700778431744
84, 400, 0.932333396620467
84, 500, 0.9332067590658818
84, 600, 0.9340801215112966
84, 700, 0.9340801215112966
84, 800, 0.9336434402885893
84, 900, 0.9332067590658818
85, 100, 0.9301537877349535
85, 200, 0.931892918169736
85, 300, 0.9327700778431744
85, 400, 0.932333396620467
85, 500, 0.9332067590658818
85, 600, 0.9340801215112966
85, 700, 0.9340801215112966
85, 800, 0.9336434402885893
85, 900, 0.9332067590658818
86, 100, 0.9301537877349535
86, 200, 0.931892918169736
86, 300, 0.9327700778431744
86, 400, 0.932333396620467
86, 500, 0.9332067590658818
86, 600, 0.9340801215112966
86, 700, 0.9340801215112966
86, 800, 0.9336434402885893
86, 900, 0.9332067590658818
87, 100, 0.9301537877349535
87, 200, 0.931892918169736
87, 300, 0.9327700778431744
87, 400, 0.932333396620467
87, 500, 0.9332067590658818
87, 600, 0.9340801215112966
87, 700, 0.9340801215112966
87, 800, 0.9336434402885893
87, 900, 0.9332067590658818
88, 100, 0.9301537877349535
88, 200, 0.931892918169736
88, 300, 0.9327700778431744
88, 400, 0.932333396620467
88, 500, 0.9332067590658818
88, 600, 0.9340801215112966
88, 700, 0.9340801215112966
88, 800, 0.9336434402885893
88, 900, 0.9332067590658818
89, 100, 0.9301537877349535
89, 200, 0.931892918169736
89, 300, 0.9327700778431744
89, 400, 0.932333396620467
89, 500, 0.9332067590658818
89, 600, 0.9340801215112966
89, 700, 0.9340801215112966
89, 800, 0.9336434402885893
89, 900, 0.9332067590658818
90, 100, 0.9301537877349535
90, 200, 0.931892918169736
90, 300, 0.9327700778431744
90, 400, 0.932333396620467
90, 500, 0.9332067590658818
90, 600, 0.9340801215112966
90, 700, 0.9340801215112966
90, 800, 0.9336434402885893
90, 900, 0.9332067590658818
91, 100, 0.9301537877349535
91, 200, 0.931892918169736
91, 300, 0.9327700778431744
91, 400, 0.932333396620467
91, 500, 0.9332067590658818
91, 600, 0.9340801215112966
91, 700, 0.9340801215112966
91, 800, 0.9336434402885893
91, 900, 0.9332067590658818
92, 100, 0.9301537877349535
92, 200, 0.931892918169736
92, 300, 0.9327700778431744
92, 400, 0.932333396620467
92, 500, 0.9332067590658818
92, 600, 0.9340801215112966
92, 700, 0.9340801215112966
92, 800, 0.9336434402885893
92, 900, 0.9332067590658818
93, 100, 0.9301537877349535
93, 200, 0.931892918169736
93, 300, 0.9327700778431744
93, 400, 0.932333396620467
93, 500, 0.9332067590658818
93, 600, 0.9340801215112966
93, 700, 0.9340801215112966
93, 800, 0.9336434402885893
93, 900, 0.9332067590658818
94, 100, 0.9301537877349535
94, 200, 0.931892918169736
94, 300, 0.9327700778431744
94, 400, 0.932333396620467
94, 500, 0.9332067590658818
94, 600, 0.9340801215112966
94, 700, 0.9340801215112966
94, 800, 0.9336434402885893
94, 900, 0.9332067590658818
95, 100, 0.9301537877349535
95, 200, 0.931892918169736
95, 300, 0.9327700778431744
95, 400, 0.932333396620467
95, 500, 0.9332067590658818
95, 600, 0.9340801215112966
95, 700, 0.9340801215112966
95, 800, 0.9336434402885893
95, 900, 0.9332067590658818
96, 100, 0.9301537877349535
96, 200, 0.931892918169736
96, 300, 0.9327700778431744
96, 400, 0.932333396620467
96, 500, 0.9332067590658818
96, 600, 0.9340801215112966
96, 700, 0.9340801215112966
96, 800, 0.9336434402885893
96, 900, 0.9332067590658818
97, 100, 0.9301537877349535
97, 200, 0.931892918169736
97, 300, 0.9327700778431744
97, 400, 0.932333396620467
97, 500, 0.9332067590658818
97, 600, 0.9340801215112966
97, 700, 0.9340801215112966
97, 800, 0.9336434402885893
97, 900, 0.9332067590658818
98, 100, 0.9301537877349535
98, 200, 0.931892918169736
98, 300, 0.9327700778431744
98, 400, 0.932333396620467
98, 500, 0.9332067590658818
98, 600, 0.9340801215112966
98, 700, 0.9340801215112966
98, 800, 0.9336434402885893
98, 900, 0.9332067590658818
99, 100, 0.9301537877349535
99, 200, 0.931892918169736
99, 300, 0.9327700778431744
99, 400, 0.932333396620467
99, 500, 0.9332067590658818
99, 600, 0.9340801215112966
99, 700, 0.9340801215112966
99, 800, 0.9336434402885893
99, 900, 0.9332067590658818
100, 100, 0.9301537877349535
100, 200, 0.931892918169736
100, 300, 0.9327700778431744
100, 400, 0.932333396620467
100, 500, 0.9332067590658818
100, 600, 0.9340801215112966
100, 700, 0.9340801215112966
100, 800, 0.9336434402885893
100, 900, 0.9332067590658818

Best value of max_depth: 22
Best value of n_estimators: 300
Best accuracy score: 0.9353920637934307
