max_iter, hidden_layer_sizes, accuracy
500, (50,), 0.9183747864059237
1000, (50,), 0.9183747864059237
3000, (50,), 0.9183747864059237
5000, (50,), 0.9183747864059237
10000, (50,), 0.9183747864059237
500, (100,), 0.9253616859692425
1000, (100,), 0.9253616859692425
3000, (100,), 0.9253616859692425
5000, (100,), 0.9253616859692425
10000, (100,), 0.9253616859692425
500, (200,), 0.9249269033605468
1000, (200,), 0.9249269033605468
3000, (200,), 0.9249269033605468
5000, (200,), 0.9249269033605468
10000, (200,), 0.9249269033605468
500, (50, 50), 0.9214334535788875
1000, (50, 50), 0.9214334535788875
3000, (50, 50), 0.9214334535788875
5000, (50, 50), 0.9214334535788875
10000, (50, 50), 0.9214334535788875
500, (100, 100), 0.926229352572622
1000, (100, 100), 0.926229352572622
3000, (100, 100), 0.926229352572622
5000, (100, 100), 0.926229352572622
10000, (100, 100), 0.926229352572622
500, (200, 200), 0.92885323713689
1000, (200, 200), 0.92885323713689
3000, (200, 200), 0.92885323713689
5000, (200, 200), 0.92885323713689
10000, (200, 200), 0.92885323713689

Best value of max_iter: 500
Best value of hidden_layer_sizes: (200, 200)
Best accuracy score: 0.92885323713689
